<Hierarchy>:
	<Frame>: 0 Arrow5
		<Transform>: 0 0 0 90 0 0 1 1 1 0.7071068 0 0 0.7071068  
		<TransformMatrix>: 1 0 0 0 0 -1.192093E-07 1 0 0 -1 -1.192093E-07 0 0 0 0 1  
		<Mesh>: 108 Arrow5
			<Bounds>: 0 -2.980232E-08 0 6.058887 0.5000004 2.348931
			<Positions>: 108 -2.162283 -0.5000003 1.503371 -2.162283 0.4999998 1.503371 -2.162283 0.4999996 2.335255 -2.162283 -0.5000004 2.335255 -2.162283 -0.5000004 2.335255 -2.162283 0.4999996 2.335255 -2.184221 0.4999996 2.348931 -2.184221 -0.5000004 2.348931 -5.987047 0.5 0.1521654 -5.987047 -0.5 0.1521652 -6.058887 0.5 0.07480049 -6.058887 -0.5 0.07480037 -6.058887 -0.5 -0.07480037 -6.058887 0.5 -0.07480025 -5.987047 -0.5 -0.1521653 -5.987047 0.5 -0.1521652 -2.184221 -0.4999996 -2.348931 -2.184221 0.5000004 -2.348931 5.965555 -0.4999998 -1.454296 5.820977 -0.4999998 -1.493371 5.820977 0.5000002 -1.493371 5.965555 0.5000002 -1.454296 6.043706 -0.4999998 -1.356608 6.043706 0.5000002 -1.356608 6.058887 -0.4999998 -1.227554 6.058887 0.5000002 -1.227554 6.058887 -0.5000001 1.227554 6.058887 0.4999998 1.227554 6.043706 0.4999998 1.356608 6.043706 -0.5000002 1.356608 5.965555 0.4999998 1.454296 5.965555 -0.5000002 1.454296 5.820977 0.4999998 1.493371 5.820977 -0.5000003 1.493371 -2.152283 0.4999998 1.493371 -2.152283 -0.5000003 1.493371 -2.162283 0.4999998 1.503371 -2.162283 -0.5000003 1.503371 5.820977 -0.4999998 -1.493371 -2.152283 0.5000002 -1.493371 5.820977 0.5000002 -1.493371 -2.152283 -0.4999998 -1.493371 -2.162283 -0.4999998 -1.503371 -2.162283 0.5000002 -1.503371 -2.162283 -0.4999998 -1.503371 -2.162283 -0.4999996 -2.335255 -2.162283 0.5000004 -2.335255 -2.162283 0.5000002 -1.503371 -2.162283 -0.4999996 -2.335255 -2.184221 -0.4999996 -2.348931 -2.184221 0.5000004 -2.348931 -2.162283 0.5000004 -2.335255 5.831663 0.5000002 -1.33538 5.965555 0.5000002 -1.454296 5.820977 0.5000002 -1.493371 6.043706 0.5000002 -1.356608 5.845311 0.5000002 -1.207237 -2.437975 0.5000001 -0.5074757 -2.152283 0.5000002 -1.493371 6.058887 0.5000002 -1.227554 -2.162283 0.5000002 -1.503371 -2.162283 0.5000004 -2.335255 -2.184221 0.5000004 -2.348931 -5.987047 0.5 -0.1521652 6.058887 0.4999998 1.227554 -2.484143 0.5000001 -0.4148626 -6.058887 0.5 -0.07480025 -6.058887 0.5 0.07480049 -2.484143 0.4999999 0.4148628 -5.987047 0.5 0.1521654 -2.437975 0.4999999 0.5074762 -2.184221 0.4999996 2.348931 -2.162283 0.4999996 2.335255 -2.162283 0.4999998 1.503371 -2.152283 0.4999998 1.493371 5.84531 0.4999998 1.207237 6.043706 0.4999998 1.356608 5.831664 0.4999998 1.33538 5.820977 0.4999998 1.493371 5.965555 0.4999998 1.454296 5.831664 -0.4999998 -1.33538 5.820977 -0.4999998 -1.493371 5.965555 -0.4999998 -1.454296 6.043706 -0.4999998 -1.356608 -2.152283 -0.4999998 -1.493371 -2.437975 -0.4999999 -0.5074761 -2.162283 -0.4999998 -1.503371 -2.162283 -0.4999996 -2.335255 -2.184221 -0.4999996 -2.348931 -5.987047 -0.5 -0.1521653 5.84531 -0.4999998 -1.207237 6.058887 -0.4999998 -1.227554 5.845311 -0.5000001 1.207237 6.058887 -0.5000001 1.227554 6.043706 -0.5000002 1.356608 -2.484143 -0.4999999 -0.4148626 -6.058887 -0.5 -0.07480037 -2.484143 -0.5000001 0.4148627 -2.437975 -0.5000001 0.5074759 -6.058887 -0.5 0.07480037 -5.987047 -0.5 0.1521652 -2.184221 -0.5000004 2.348931 -2.162283 -0.5000004 2.335255 -2.162283 -0.5000003 1.503371 -2.152283 -0.5000003 1.493371 5.831663 -0.5000002 1.33538 5.965555 -0.5000002 1.454296 5.820977 -0.5000003 1.493371  
			<Colors>: 0  
			<Normals>: 108 1 0 0 1 0 0 1 0 0 1 0 0 0.5290336 0 0.8486009 0.5290336 0 0.8486009 0.01681191 0 0.9998586 0.01681193 0 0.9998586 -0.6234327 0 0.781877 -0.6234327 0 0.781877 -0.9308037 0 0.3655194 -0.9308037 0 0.3655194 -0.9308037 0 -0.3655193 -0.9308037 0 -0.3655193 -0.6234327 0 -0.781877 -0.6234328 0 -0.781877 0.01681195 0 -0.9998586 0.01681197 0 -0.9998586 0.5480309 0 -0.8364581 0.131599 0 -0.991303 0.131599 0 -0.991303 0.548031 0 -0.8364581 0.9226432 0 -0.3856549 0.9226432 0 -0.3856549 0.9982867 0 -0.05851237 0.9982867 0 -0.05851236 0.9982867 0 0.05851237 0.9982867 0 0.05851236 0.9226432 0 0.3856549 0.9226432 0 0.3856549 0.548031 0 0.8364581 0.5480309 0 0.8364581 0.131599 0 0.991303 0.131599 0 0.991303 0.3826834 0 0.9238795 0.3826834 0 0.9238795 0.7071068 0 0.7071068 0.7071068 0 0.7071068 0.131599 0 -0.991303 0.3826834 0 -0.9238795 0.131599 0 -0.991303 0.3826835 0 -0.9238795 0.7071068 0 -0.7071068 0.7071068 0 -0.7071068 1 0 0 1 0 0 1 0 0 1 0 0 0.5290336 0 -0.8486009 0.01681195 0 -0.9998586 0.01681197 0 -0.9998586 0.5290336 0 -0.8486009 0 1 0 0 1 0 0 1 0 0 1 0 0 1 0 0 1 0 0 1 0 0 1 0 0 1 0 0 1 0 0 1 0 0 1 0 0 1 0 0 1 0 0 1 0 0 1 0 0 1 0 0 1 0 0 1 0 0 1 0 0 1 0 0 1 0 0 1 0 0 1 0 0 1 0 0 1 0 0 1 0 0 1 0 0 -1 0 0 -1 0 0 -1 0 0 -1 0 0 -1 0 0 -1 0 0 -1 0 0 -1 0 0 -1 0 0 -1 0 0 -1 0 0 -1 0 0 -1 0 0 -1 0 0 -1 0 0 -1 0 0 -1 0 0 -1 0 0 -1 0 0 -1 0 0 -1 0 0 -1 0 0 -1 0 0 -1 0 0 -1 0 0 -1 0 0 -1 0 0 -1 0  
			<SubMeshes>: 1
				<SubMesh>: 0 324 0 1 2 0 2 3 4 5 6 4 6 7 7 6 8 7 8 9 9 8 10 9 10 11 12 11 10 12 10 13 14 12 13 14 13 15 16 14 15 16 15 17 18 19 20 18 20 21 22 18 21 22 21 23 24 22 23 24 23 25 26 24 25 26 25 27 26 27 28 26 28 29 29 28 30 29 30 31 31 30 32 31 32 33 33 32 34 33 34 35 35 34 36 35 36 37 38 39 40 38 41 39 39 41 42 39 42 43 44 45 46 44 46 47 48 49 50 48 50 51 52 53 54 52 55 53 55 52 56 57 56 52 52 54 58 52 58 57 55 56 59 57 58 60 57 60 61 57 61 62 57 62 63 64 59 56 63 65 57 57 65 56 63 66 65 67 65 66 67 68 65 68 56 65 69 68 67 69 70 68 70 69 71 70 71 72 70 72 73 70 73 74 64 56 75 68 75 56 70 75 68 76 64 75 77 70 74 70 77 75 76 75 77 77 74 78 77 79 76 77 78 79 80 81 82 80 82 83 80 84 81 80 85 84 85 86 84 85 87 86 85 88 87 85 89 88 83 90 80 85 80 90 83 91 90 91 92 90 91 93 92 94 92 93 89 85 95 85 90 95 95 90 92 89 95 96 96 95 97 95 92 97 92 98 97 96 97 99 97 100 99 97 98 100 98 101 100 98 102 101 98 103 102 98 104 103 94 105 92 92 105 98 105 104 98 105 94 106 105 107 104 105 106 107  
		</Mesh>
		<Materials>: 1
			<Material>: 0
				<AlbedoColor>: 1 0.9500169 0 1
				<EmissiveColor>: 0 0 0 1
				<Glossiness>: 0.2
				<Metallic>: 0
				<SpecularHighlight>: 1
				<GlossyReflection>: 1
		</Materials>
		<Children>: 0
	</Frame>
</Hierarchy>
