<Hierarchy>:
	<Frame>: 0 overheadRoundColored
		<Transform>: 0 0 0 0 0 0 1 1 1 0 0 0 1  
		<TransformMatrix>: 1 0 0 0 0 1 0 0 0 0 1 0 0 0 0 1  
		<Mesh>: 156 overheadRoundColored
			<Bounds>: 9.334475 4.667238 1.65 9.334475 4.667238 1.65
			<Positions>: 156 0.3180645 2.41594 0 0 1.332499E-15 0 0.3180645 2.41594 3.3 0 9.171409E-17 3.3 14.00171 8.083893 0 14.00171 8.083893 3.3 15.93495 6.600471 0 15.93495 6.600471 3.3 18.66895 3.475674E-15 0 18.35089 2.41594 0 18.66895 9.171409E-17 3.3 18.35089 2.41594 3.3 4.667238 8.083893 0 4.667238 8.083893 3.3 6.918535 9.016411 0 6.918535 9.016411 3.3 11.75042 9.016411 0 11.75042 9.016411 3.3 14.00171 8.083893 0 14.00171 8.083893 3.3 2.734004 6.600471 0 2.734004 6.600471 3.3 4.667238 8.083893 0 4.667238 8.083893 3.3 3.434475 5.144484E-16 0 3.635513 1.527032 0 3.434475 0 3.3 3.635513 1.527032 3.3 10.86151 5.698962 3.3 10.86151 5.698962 0 12.28448 5.10955 3.3 12.28448 5.10955 0 15.03344 1.527032 0 15.23448 1.844698E-15 0 15.03344 1.527032 3.3 15.23448 7.170197E-16 3.3 12.28448 5.10955 3.3 12.28448 5.10955 0 13.5064 4.17193 3.3 13.5064 4.17193 0 6.384476 5.10955 3.3 6.384476 5.10955 0 7.807443 5.698962 3.3 7.807443 5.698962 0 5.162545 4.17193 3.3 5.162545 4.17193 0 6.384476 5.10955 3.3 6.384476 5.10955 0 0 9.171409E-17 3.3 0 1.332499E-15 0 3.434475 0 3.3 3.434475 5.144484E-16 0 18.66895 9.171409E-17 3.3 18.35089 2.41594 3.3 15.23448 7.170197E-16 3.3 15.03344 1.527032 3.3 15.23448 7.170197E-16 3.3 15.23448 1.844698E-15 0 18.66895 9.171409E-17 3.3 18.66895 3.475674E-15 0 5.162545 4.17193 0 2.734004 6.600471 0 6.384476 5.10955 0 7.807443 5.698962 0 6.918535 9.016411 0 4.667238 8.083893 0 13.5064 4.17193 3.3 15.93495 6.600471 3.3 12.28448 5.10955 3.3 10.86151 5.698962 3.3 11.75042 9.016411 3.3 14.00171 8.083893 3.3 5.162545 4.17193 3.3 6.384476 5.10955 3.3 2.734004 6.600471 3.3 7.807443 5.698962 3.3 6.918535 9.016411 3.3 4.667238 8.083893 3.3 3.434475 0 3.3 3.635513 1.527032 3.3 0 9.171409E-17 3.3 0.3180645 2.41594 3.3 3.434475 5.144484E-16 0 0 1.332499E-15 0 3.635513 1.527032 0 0.3180645 2.41594 0 15.23448 1.844698E-15 0 15.03344 1.527032 0 18.66895 3.475674E-15 0 18.35089 2.41594 0 13.5064 4.17193 0 12.28448 5.10955 0 15.93495 6.600471 0 10.86151 5.698962 0 11.75042 9.016411 0 14.00171 8.083893 0 17.41837 4.667238 0 15.93495 6.600471 0 17.41837 4.667238 3.3 15.93495 6.600471 3.3 2.734004 6.600471 0 1.250583 4.667238 0 2.734004 6.600471 3.3 1.250583 4.667238 3.3 1.250583 4.667238 0 0.3180645 2.41594 0 1.250583 4.667238 3.3 0.3180645 2.41594 3.3 6.918535 9.016411 0 6.918535 9.016411 3.3 9.334476 9.334476 0 9.334476 9.334476 3.3 9.334476 9.334476 0 9.334476 9.334476 3.3 11.75042 9.016411 0 11.75042 9.016411 3.3 18.35089 2.41594 0 17.41837 4.667238 0 18.35089 2.41594 3.3 17.41837 4.667238 3.3 13.5064 4.17193 0 14.44403 2.95 0 13.5064 4.17193 3.3 14.44403 2.95 3.3 9.334476 5.9 3.3 9.334476 5.9 0 10.86151 5.698962 3.3 10.86151 5.698962 0 7.807443 5.698962 3.3 7.807443 5.698962 0 9.334476 5.9 3.3 9.334476 5.9 0 4.224926 2.95 0 5.162545 4.17193 0 4.224926 2.95 3.3 5.162545 4.17193 3.3 14.44403 2.95 0 15.03344 1.527032 0 14.44403 2.95 3.3 15.03344 1.527032 3.3 3.635513 1.527032 0 4.224926 2.95 0 3.635513 1.527032 3.3 4.224926 2.95 3.3 9.334476 5.9 3.3 9.334476 9.334476 3.3 14.44403 2.95 3.3 17.41837 4.667238 3.3 4.224926 2.95 3.3 1.250583 4.667238 3.3 14.44403 2.95 0 17.41837 4.667238 0 4.224926 2.95 0 1.250583 4.667238 0 9.334476 5.9 0 9.334476 9.334476 0  
			<Colors>: 0  
			<Normals>: 156 -0.9914449 0.1305262 0 -0.9914449 0.1305262 0 -0.9914449 0.1305262 0 -0.9914449 0.1305262 0 0.5 0.8660254 0 0.5 0.8660254 0 0.6087614 0.7933533 0 0.6087614 0.7933533 0 0.9914449 0.1305262 0 0.9914449 0.1305262 0 0.9914449 0.1305262 0 0.9914449 0.1305262 0 -0.5 0.8660254 0 -0.5 0.8660254 0 -0.3826834 0.9238795 0 -0.3826834 0.9238795 0 0.3826834 0.9238795 0 0.3826834 0.9238795 0 0.5 0.8660254 0 0.5 0.8660254 0 -0.6087614 0.7933533 0 -0.6087614 0.7933533 0 -0.5 0.8660254 0 -0.5 0.8660254 0 0.9914449 -0.1305262 0 0.9914449 -0.1305262 0 0.9914449 -0.1305262 0 0.9914449 -0.1305262 0 -0.3826834 -0.9238795 0 -0.3826834 -0.9238795 0 -0.5 -0.8660254 0 -0.5 -0.8660254 0 -0.9914449 -0.1305262 0 -0.9914449 -0.1305262 0 -0.9914449 -0.1305262 0 -0.9914449 -0.1305262 0 -0.5 -0.8660254 0 -0.5 -0.8660254 0 -0.6087614 -0.7933533 0 -0.6087614 -0.7933533 0 0.5 -0.8660254 0 0.5 -0.8660254 0 0.3826834 -0.9238795 0 0.3826834 -0.9238795 0 0.6087614 -0.7933533 0 0.6087614 -0.7933533 0 0.5 -0.8660254 0 0.5 -0.8660254 0 0 -1 0 0 -1 0 0 -1 0 0 -1 0 0 0 1 0 0 1 0 0 1 0 0 1 0 -1 0 0 -1 0 0 -1 0 0 -1 0 0 0 -1 0 0 -1 0 0 -1 0 0 -1 0 0 -1 0 0 -1 0 0 1 0 0 1 0 0 1 0 0 1 0 0 1 0 0 1 0 0 1 0 0 1 0 0 1 0 0 1 0 0 1 0 0 1 0 0 1 0 0 1 0 0 1 0 0 1 0 0 -1 0 0 -1 0 0 -1 0 0 -1 0 0 -1 0 0 -1 0 0 -1 0 0 -1 0 0 -1 0 0 -1 0 0 -1 0 0 -1 0 0 -1 0 0 -1 0.8660254 0.5 0 0.7933533 0.6087614 0 0.8660254 0.5 0 0.7933533 0.6087614 0 -0.7933533 0.6087614 0 -0.8660254 0.5 0 -0.7933533 0.6087614 0 -0.8660254 0.5 0 -0.8660254 0.5 0 -0.9238795 0.3826834 0 -0.8660254 0.5 0 -0.9238795 0.3826834 0 -0.1305262 0.9914449 0 -0.1305262 0.9914449 0 0 1 0 0 1 0 0 1 0 0 1 0 0.1305262 0.9914449 0 0.1305262 0.9914449 0 0.9238795 0.3826834 0 0.8660254 0.5 0 0.9238795 0.3826834 0 0.8660254 0.5 0 -0.7933533 -0.6087614 0 -0.8660254 -0.5 0 -0.7933533 -0.6087614 0 -0.8660254 -0.5 0 0 -1 0 0 -1 0 -0.1305262 -0.9914449 0 -0.1305262 -0.9914449 0 0.1305262 -0.9914449 0 0.1305262 -0.9914449 0 0 -1 0 0 -1 0 0.8660254 -0.5 0 0.7933533 -0.6087614 0 0.8660254 -0.5 0 0.7933533 -0.6087614 0 -0.8660254 -0.5 0 -0.9238795 -0.3826834 0 -0.8660254 -0.5 0 -0.9238795 -0.3826834 0 0.9238795 -0.3826834 0 0.8660254 -0.5 0 0.9238795 -0.3826834 0 0.8660254 -0.5 0 0 0 1 0 0 1 0 0 1 0 0 1 0 0 1 0 0 1 0 0 -1 0 0 -1 0 0 -1 0 0 -1 0 0 -1 0 0 -1  
			<SubMeshes>: 2
				<SubMesh>: 0 156 0 1 2 3 2 1 4 5 6 7 6 5 8 9 10 11 10 9 12 13 14 15 14 13 16 17 18 19 18 17 20 21 22 23 22 21 24 25 26 27 26 25 28 29 30 31 30 29 32 33 34 35 34 33 36 37 38 39 38 37 40 41 42 43 42 41 44 45 46 47 46 45 48 49 50 51 50 49 52 53 54 55 54 53 56 57 58 59 58 57 60 61 62 63 62 61 64 63 61 65 64 61 66 67 68 69 68 67 70 69 67 71 70 67 72 73 74 75 74 73 76 74 75 77 74 76 78 79 80 81 80 79 82 83 84 85 84 83 86 87 88 89 88 87 90 91 92 93 92 91 94 92 93 95 92 94  
				<SubMesh>: 1 144 96 97 98 99 98 97 100 101 102 103 102 101 104 105 106 107 106 105 108 109 110 111 110 109 112 113 114 115 114 113 116 117 118 119 118 117 120 121 122 123 122 121 124 125 126 127 126 125 128 129 130 131 130 129 132 133 134 135 134 133 136 137 138 139 138 137 140 141 142 143 142 141 75 144 76 76 144 70 145 76 70 69 70 144 55 53 146 147 146 53 66 146 147 67 66 147 79 148 81 149 81 148 72 149 148 74 149 72 87 150 89 151 89 150 90 151 150 92 151 90 84 85 152 153 152 85 60 152 153 61 60 153 93 154 94 64 94 154 155 94 64 154 63 64  
		</Mesh>
		<Materials>: 2
			<Material>: 0
				<AlbedoColor>: 1 0 0 1
				<EmissiveColor>: 0 0 0 1
				<Glossiness>: 0.4472136
				<Metallic>: 0
				<SpecularHighlight>: 1
				<GlossyReflection>: 1
			<Material>: 1
				<AlbedoColor>: 0.9736949 0.9736949 0.9736949 1
				<EmissiveColor>: 0 0 0 1
				<Glossiness>: 0.4472136
				<Metallic>: 0
				<SpecularHighlight>: 1
				<GlossyReflection>: 1
		</Materials>
		<Children>: 0
	</Frame>
</Hierarchy>
